image_width: 1440
image_height: 930
camera_name: camera3
camera_matrix:
  rows: 3
  cols: 3
  data: [ 1031.5, 0.0, 729.57, 0.0, 1032.69, 452.928, 0.0, 0.0, 1.0 ]
distortion_model: plumb_bob
distortion_coefficients:
  rows: 1
  cols: 5
  data: [ -0.165124, 0.066415, -0.000182, -0.000551, 0.000000 ]
rectification_matrix:
  rows: 3
  cols: 3
  data: [ 1, 0, 0, 0, 1, 0, 0, 0, 1 ]
projection_matrix:
  rows: 3
  cols: 4
  data: [ 1031.5, 0.0, 729.57, 0.0, 0.0, 1032.69, 452.928, 0.0, 0.0, 0.0, 1.0, 0.0 ]