image_width: 1440
image_height: 930
camera_name: camera7
camera_matrix:
  rows: 3
  cols: 3
  data: [ 899.957, 0.0, 720.23, 0.0, 897.838, 462.865, 0.0, 0.0, 1.0 ]
distortion_model: plumb_bob
distortion_coefficients:
  rows: 1
  cols: 5
  data: [ -0.283706, 0.074055, -0.000481, 0.000177, 0.000000 ]
rectification_matrix:
  rows: 3
  cols: 3
  data: [ 1, 0, 0, 0, 1, 0, 0, 0, 1 ]
projection_matrix:
  rows: 3
  cols: 4
  data: [ 899.957, 0.0, 720.23, 0.0, 0.0, 897.838, 462.865, 0.0, 0.0, 0.0, 1.0, 0.0 ]
