image_width: 1440
image_height: 930
camera_name: camera0
camera_matrix:
  rows: 3
  cols: 3
  data: [ 1041.97, 0.0, 724.248, 0.0, 1041.95, 472.216, 0.0, 0.0, 1.0 ]
distortion_model: plumb_bob
distortion_coefficients:
  rows: 1
  cols: 5
  data: [ -0.174384, 0.074684, -0.000552, -0.000727, 0.000000 ]
rectification_matrix:
  rows: 3
  cols: 3
  data: [ 1, 0, 0, 0, 1, 0, 0, 0, 1 ]
projection_matrix:
  rows: 3
  cols: 4
  data: [ 1041.97, 0.0, 724.248, 0.0, 0.0, 1041.95, 472.216, 0.0, 0.0, 0.0, 1, 0.0 ]