image_width: 1440
image_height: 930
camera_name: camera4
camera_matrix:
  rows: 3
  cols: 3
  data: [706.845, 0.0, 706.209, 0.0, 707.636, 461.54, 0.0, 0.0, 1.0]
distortion_model: plumb_bob
distortion_coefficients:
  rows: 1
  cols: 5
  data: [-0.250166, 0.053768, 0.000442, 0.000612, 0.000000]
rectification_matrix:
  rows: 3
  cols: 3
  data: [ 1, 0, 0, 0, 1, 0, 0, 0, 1 ]
projection_matrix:
  rows: 3
  cols: 4
  data: [706.845, 0.0, 706.209, 0.0, 0.0, 707.636, 461.54, 0.0, 0.0, 0.0, 1.0, 0.0]
